
前面的任务你完成的很好。现在我需要在页面内新增一个静态数据，
universityNameChinese为亚利桑那州立大学，
rankingQs为
[
  330,
  293,
  294,
  249,
  222,
  209,
  212,
  215,
  220,
  216,
  219,
  179,
  200
]，
rankingQsCs为，[
  0,
  0,
  201,
  201,
  151,
  151,
  151,
  201,
  151,
  148,
  151,
  155,
  0
]
rankingUsnews为，[
  0,
  0,
  143,
  148,
  121,
  134,
  145,
  146,
  146,
  165,
  156,
  0,
  179
]
rankingUsnewsCs为[
  0,
  0,
  65,
  72,
  75,
  89,
  65,
  78,
  65,
  89,
  87,
  0,
  0
]。
这个静态数据不参与表格渲染，但是在点击修改按钮出现的抽屉中，你需要渲染到抽屉的嵌套表格中。
不管当前列什么数据，你都需要一并渲染进抽屉内的嵌套表格中。请你修改代码以后，返回给我完整的代码。